0,513
0,512
0,319
50,4
53,5
52,4
51,4
0,317
56,6
56,1
56,5
56,3
0,313
0,511
0,510
0,509
0,508
0,507
0,506
0,505
0,504
0,503
0,502
0,501
0,500
0,499
0,498
0,497
0,496
0,495
0,494
69,2
0,493
0,492
0,491
0,490
0,489
0,488
0,487
0,486
0,485
0,484
0,483
0,482
0,481
72,2
0,480
0,479
0,478
0,477
0,476
0,475
0,474
0,243
0,473
0,472
0,471
0,470
0,469
0,468
0,467
0,466
0,465
0,464
0,463
0,462
0,386
55,1
55,3
54,1
54,3
53,1
53,3
52,1
52,3
51,1
51,3
50,1
50,3
49,1
49,3
48,1
48,3
47,1
47,3
107,40
107,39
107,38
107,37
107,36
107,35
61,3
59,1
59,3
57,1
57,3
14,5
14,7
0,273
0,270
3,2
3,1
3,3
10,258
10,260
10,74
10,18
10,172
10,168
10,72
10,2
10,3
11,8
11,17
11,12
11,23
11,30
11,20
9,7
9,2
9,3
8,9
8,6
8,7
8,16
